1.0 123
1.0 124
1.0 125
1.0 126
1.0 127
1.0 128
1.0 129
1.0 130
1.0 131
1.0 132
1.0 133
1.0 134
1.0 135
1.0 136
1.0 137
1.0 138
1.0 139
1.0 140
1.0 141
1.0 142
1.0 143
1.0 144
1.0 145
1.0 146
1.0 147
1.0 148
1.0 149
1.0 150
1.0 151
1.0 152
1.0 153
1.0 154
1.0 155
1.0 156
1.0 157
1.0 158
1.0 159
1.0 160
1.0 161
1.0 162
1.0 163
1.0 164
1.0 165
1.0 166
1.0 167
1.0 168
1.0 169
1.0 170
1.0 171
1.0 172
2.0 123
2.0 124
2.0 125
2.0 126
2.0 127
2.0 128
2.0 129
2.0 130
2.0 131
2.0 132
2.0 133
2.0 134
2.0 135
2.0 136
2.0 137
2.0 138
2.0 139
2.0 140
2.0 141
2.0 142
2.0 143
2.0 144
2.0 145
2.0 146
2.0 147
2.0 148
2.0 149
2.0 150
2.0 151
2.0 152
2.0 153
2.0 154
2.0 155
2.0 156
2.0 157
2.0 158
2.0 159
2.0 160
2.0 161
2.0 162
2.0 163
2.0 164
2.0 165
2.0 166
2.0 167
2.0 168
2.0 169
2.0 170
2.0 171
2.0 172
4.0 123
4.0 124
4.0 125
4.0 126
4.0 127
4.0 128
4.0 129
4.0 130
4.0 131
4.0 132
4.0 133
4.0 134
4.0 135
4.0 136
4.0 137
4.0 138
4.0 139
4.0 140
4.0 141
4.0 142
4.0 143
4.0 144
4.0 145
4.0 146
4.0 147
4.0 148
4.0 149
4.0 150
4.0 151
4.0 152
4.0 153
4.0 154
4.0 155
4.0 156
4.0 157
4.0 158
4.0 159
4.0 160
4.0 161
4.0 162
4.0 163
4.0 164
4.0 165
4.0 166
4.0 167
4.0 168
4.0 169
4.0 170
4.0 171
4.0 172
10.0 123
10.0 124
10.0 125
10.0 126
10.0 127
10.0 128
10.0 129
10.0 130
10.0 131
10.0 132
10.0 133
10.0 134
10.0 135
10.0 136
10.0 137
10.0 138
10.0 139
10.0 140
10.0 141
10.0 142
10.0 143
10.0 144
10.0 145
10.0 146
10.0 147
10.0 148
10.0 149
10.0 150
10.0 151
10.0 152
10.0 153
10.0 154
10.0 155
10.0 156
10.0 157
10.0 158
10.0 159
10.0 160
10.0 161
10.0 162
10.0 163
10.0 164
10.0 165
10.0 166
10.0 167
10.0 168
10.0 169
10.0 170
10.0 171
10.0 172
