123 1.0 vanilla 2.0 1.0 200
123 1.0 vanilla 2.0 1.0 1000
123 1.0 vanilla 2.0 1.0 2000
123 1.0 vanilla 2.0 1.0 8000
123 1.0 aligned 2.0 1.0 200
123 1.0 aligned 2.0 1.0 1000
123 1.0 aligned 2.0 1.0 2000
123 1.0 aligned 2.0 1.0 8000
123 1.0 precon 4.0 1.0 200
123 1.0 precon 4.0 1.0 1000
123 1.0 precon 4.0 1.0 2000
123 1.0 precon 4.0 1.0 8000
124 1.0 vanilla 2.0 1.0 200
124 1.0 vanilla 2.0 1.0 1000
124 1.0 vanilla 2.0 1.0 2000
124 1.0 vanilla 2.0 1.0 8000
124 1.0 aligned 2.0 1.0 200
124 1.0 aligned 2.0 1.0 1000
124 1.0 aligned 2.0 1.0 2000
124 1.0 aligned 2.0 1.0 8000
124 1.0 precon 4.0 1.0 200
124 1.0 precon 4.0 1.0 1000
124 1.0 precon 4.0 1.0 2000
124 1.0 precon 4.0 1.0 8000
125 1.0 vanilla 2.0 1.0 200
125 1.0 vanilla 2.0 1.0 1000
125 1.0 vanilla 2.0 1.0 2000
125 1.0 vanilla 2.0 1.0 8000
125 1.0 aligned 2.0 1.0 200
125 1.0 aligned 2.0 1.0 1000
125 1.0 aligned 2.0 1.0 2000
125 1.0 aligned 2.0 1.0 8000
125 1.0 precon 4.0 1.0 200
125 1.0 precon 4.0 1.0 1000
125 1.0 precon 4.0 1.0 2000
125 1.0 precon 4.0 1.0 8000
126 1.0 vanilla 2.0 1.0 200
126 1.0 vanilla 2.0 1.0 1000
126 1.0 vanilla 2.0 1.0 2000
126 1.0 vanilla 2.0 1.0 8000
126 1.0 aligned 2.0 1.0 200
126 1.0 aligned 2.0 1.0 1000
126 1.0 aligned 2.0 1.0 2000
126 1.0 aligned 2.0 1.0 8000
126 1.0 precon 4.0 1.0 200
126 1.0 precon 4.0 1.0 1000
126 1.0 precon 4.0 1.0 2000
126 1.0 precon 4.0 1.0 8000
127 1.0 vanilla 2.0 1.0 200
127 1.0 vanilla 2.0 1.0 1000
127 1.0 vanilla 2.0 1.0 2000
127 1.0 vanilla 2.0 1.0 8000
127 1.0 aligned 2.0 1.0 200
127 1.0 aligned 2.0 1.0 1000
127 1.0 aligned 2.0 1.0 2000
127 1.0 aligned 2.0 1.0 8000
127 1.0 precon 4.0 1.0 200
127 1.0 precon 4.0 1.0 1000
127 1.0 precon 4.0 1.0 2000
127 1.0 precon 4.0 1.0 8000
128 1.0 vanilla 2.0 1.0 200
128 1.0 vanilla 2.0 1.0 1000
128 1.0 vanilla 2.0 1.0 2000
128 1.0 vanilla 2.0 1.0 8000
128 1.0 aligned 2.0 1.0 200
128 1.0 aligned 2.0 1.0 1000
128 1.0 aligned 2.0 1.0 2000
128 1.0 aligned 2.0 1.0 8000
128 1.0 precon 4.0 1.0 200
128 1.0 precon 4.0 1.0 1000
128 1.0 precon 4.0 1.0 2000
128 1.0 precon 4.0 1.0 8000
129 1.0 vanilla 2.0 1.0 200
129 1.0 vanilla 2.0 1.0 1000
129 1.0 vanilla 2.0 1.0 2000
129 1.0 vanilla 2.0 1.0 8000
129 1.0 aligned 2.0 1.0 200
129 1.0 aligned 2.0 1.0 1000
129 1.0 aligned 2.0 1.0 2000
129 1.0 aligned 2.0 1.0 8000
129 1.0 precon 4.0 1.0 200
129 1.0 precon 4.0 1.0 1000
129 1.0 precon 4.0 1.0 2000
129 1.0 precon 4.0 1.0 8000
130 1.0 vanilla 2.0 1.0 200
130 1.0 vanilla 2.0 1.0 1000
130 1.0 vanilla 2.0 1.0 2000
130 1.0 vanilla 2.0 1.0 8000
130 1.0 aligned 2.0 1.0 200
130 1.0 aligned 2.0 1.0 1000
130 1.0 aligned 2.0 1.0 2000
130 1.0 aligned 2.0 1.0 8000
130 1.0 precon 4.0 1.0 200
130 1.0 precon 4.0 1.0 1000
130 1.0 precon 4.0 1.0 2000
130 1.0 precon 4.0 1.0 8000
131 1.0 vanilla 2.0 1.0 200
131 1.0 vanilla 2.0 1.0 1000
131 1.0 vanilla 2.0 1.0 2000
131 1.0 vanilla 2.0 1.0 8000
131 1.0 aligned 2.0 1.0 200
131 1.0 aligned 2.0 1.0 1000
131 1.0 aligned 2.0 1.0 2000
131 1.0 aligned 2.0 1.0 8000
131 1.0 precon 4.0 1.0 200
131 1.0 precon 4.0 1.0 1000
131 1.0 precon 4.0 1.0 2000
131 1.0 precon 4.0 1.0 8000
132 1.0 vanilla 2.0 1.0 200
132 1.0 vanilla 2.0 1.0 1000
132 1.0 vanilla 2.0 1.0 2000
132 1.0 vanilla 2.0 1.0 8000
132 1.0 aligned 2.0 1.0 200
132 1.0 aligned 2.0 1.0 1000
132 1.0 aligned 2.0 1.0 2000
132 1.0 aligned 2.0 1.0 8000
132 1.0 precon 4.0 1.0 200
132 1.0 precon 4.0 1.0 1000
132 1.0 precon 4.0 1.0 2000
132 1.0 precon 4.0 1.0 8000
